eps1= 2.00e-04 ndets= 1196982 energy_var= -2099.81616364
eps1= 1.00e-04 ndets= 3663601 energy_var= -2099.83907820
eps1= 5.00e-05 ndets= 11018241 energy_var= -2099.85700114
