eps1= 2.00e-04 ndets= 1196982 energy_var= -2099.81616364	 2.00e-10 2.00e-04 energy_tot -2099.8919826750 +- 0.0000062985
eps1= 1.00e-04 ndets= 3663601 energy_var= -2099.83907820	 1.00e-10 1.00e-04 energy_tot -2099.8959456777 +- 0.0000067397
eps1= 5.00e-05 ndets= 11018241 energy_var= -2099.85700114	 5.00e-11 5.00e-05 energy_tot -2099.8992192032 +- 0.0000064382
(0.95 Conf.) Extrapolated Energy:                                                             -2099.9096781609 +- nan
