eps1= 2.00e-04 ndets= 1236032 energy_var= -2099.82140054
eps1= 1.00e-04 ndets= 3767235 energy_var= -2099.84476464
eps1= 5.00e-05 ndets= 11357787 energy_var= -2099.86319927
