eps1= 2.00e-04 ndets= 1163046 energy_var= -2099.80389431	 2.00e-10 2.00e-04 energy_tot -2099.8781252553 +- 0.0000063136
eps1= 1.00e-04 ndets= 3571568 energy_var= -2099.82649684	 1.00e-10 1.00e-04 energy_tot -2099.8817414641 +- 0.0000064001
eps1= 5.00e-05 ndets= 10708035 energy_var= -2099.84382968	 5.00e-11 5.00e-05 energy_tot -2099.8847009557 +- 0.0000066559
(0.95 Conf.) Extrapolated Energy:                                                             -2099.8941612885 +- nan
