eps1= 2.00e-04 ndets= 1163046 energy_var= -2099.80389431
eps1= 1.00e-04 ndets= 3571568 energy_var= -2099.82649684
eps1= 5.00e-05 ndets= 10708035 energy_var= -2099.84382968
